14
1 0 0 0.8660254038 0 0 0 0 0 0 0 0 0 0
0 1 0 0.5 0 0 0 0 0 0 0 0 0 0
0 0 0 -0.8660254038 0 0.7071067812 1 0 0 0 0 0 0 0
0 0 0 -0.5 0 -0.7071067812 0 0 0 0 0 0 0 0
0 0 0 0 -1 -0.7071067812 0 0.7071067812 1 0 0 0 0 0
0 0 0 0 0 0.7071067812 0 0.7071067812 0 0 0 0 0 0
0 0 0 0 0 0 -1 -0.7071067812 0 0.7071067812 1 0 0 0
0 0 0 0 0 0 0 -0.7071067812 0 -0.7071067812 0 0 0 0
0 0 0 0 0 0 0 0 -1 -0.7071067812 0 0.7071067812 1 0
0 0 0 0 0 0 0 0 0 0.7071067812 0 0.7071067812 0 0
0 0 0 0 0 0 0 0 0 0 -1 -0.7071067812 0 0.8660254038
0 0 0 0 0 0 0 0 0 0 0 -0.7071067812 0 -0.5
0 0 0 0 0 0 0 0 0 0 0 0 -1 -0.8660254038
0 0 1 0 0 0 0 0 0 0 0 0 0 0.5
